zakonczenia =

 27.0000 113.0000 2.2253
 42.0000 34.0000 2.9434
 55.0000 175.0000 1.8128
 55.0000 207.0000 1.7008
 59.0000 158.0000 2.0988
 70.0000 164.0000 1.9490
 73.0000 38.0000 0.0797
 75.0000 169.0000 1.9600
 78.0000 28.0000 0.1389
 79.0000 147.0000 2.3299
 85.0000 137.0000 2.5661
 87.0000 227.0000 1.3751
 96.0000 216.0000 1.4415
 96.0000 220.0000 1.3748
 99.0000 76.0000 0.0189
 104.0000 52.0000 0.1498
 108.0000 134.0000 0.0269
 123.0000 184.0000 2.0544
 123.0000 227.0000 1.0332
 127.0000 75.0000 0.0669
 131.0000 75.0000 0.1629
 135.0000 76.0000 0.2652
 136.0000 142.0000 0.2507
 137.0000 131.0000 0.3767
 140.0000 100.0000 0.4744
 147.0000 165.0000 0.2723
 151.0000 168.0000 0.3360
 153.0000 182.0000 0.4923
 163.0000 146.0000 0.6090
 165.0000 178.0000 0.8135
 166.0000 162.0000 0.6476
 175.0000 57.0000 0.5284
 178.0000 143.0000 0.7272
 178.0000 159.0000 0.8546
 185.0000 77.0000 0.5994
 187.0000 188.0000 1.0087
 190.0000 154.0000 0.8879
 195.0000 96.0000 1.0051
 197.0000 214.0000 0.5702


rozwidlenia =

 14.0000 35.0000 2.2347
 15.0000 29.0000 2.4151
 31.0000 179.0000 1.7716
 36.0000 18.0000 2.7998
 70.0000 224.0000 1.5480
 90.0000 74.0000 3.0357
 95.0000 74.0000 3.1109
 97.0000 118.0000 3.0684
 104.0000 223.0000 1.3285
 121.0000 189.0000 1.7862
 122.0000 77.0000 0.0478
 123.0000 157.0000 3.0565
 135.0000 180.0000 2.7666
 142.0000 192.0000 1.0839
 147.0000 98.0000 0.5401
 148.0000 198.0000 0.7646
 165.0000 184.0000 0.7430
 177.0000 216.0000 0.4659
 182.0000 204.0000 0.6902
 191.0000 197.0000 0.8043
 195.0000 92.0000 0.8477
 201.0000 155.0000 0.7694


rdzen_delta =

 135 180

