zakonczenia =

 43.0000 48.0000 2.3121
 54.0000 207.0000 1.4476
 62.0000 143.0000 1.6880
 65.0000 109.0000 1.8762
 73.0000 98.0000 1.9444
 78.0000 164.0000 1.4933
 91.0000 162.0000 1.4321
 92.0000 84.0000 2.5326
 101.0000 152.0000 1.5315
 101.0000 156.0000 1.4639
 112.0000 233.0000 1.1136
 119.0000 63.0000 0.2403
 120.0000 74.0000 0.1443
 130.0000 231.0000 0.7708
 131.0000 123.0000 2.0518
 136.0000 82.0000 0.2992
 139.0000 112.0000 2.7579
 142.0000 122.0000 1.0631
 144.0000 113.0000 3.0111
 146.0000 137.0000 1.2834
 150.0000 29.0000 0.6944
 150.0000 106.0000 0.2770
 153.0000 26.0000 1.0058
 153.0000 44.0000 0.5482
 157.0000 138.0000 0.8161
 160.0000 110.0000 0.5074
 164.0000 183.0000 0.6227
 168.0000 115.0000 0.6873
 169.0000 200.0000 0.7084
 178.0000 190.0000 0.5025
 183.0000 232.0000 0.6767
 186.0000 194.0000 0.3820
 198.0000 102.0000 1.0813


rozwidlenia =

 15.0000 43.0000 1.4575
 19.0000 46.0000 0.2938
 20.0000 80.0000 2.2138
 26.0000 42.0000 2.5603
 25.0000 22.0000 1.8329
 40.0000 115.0000 1.7825
 98.0000 78.0000 2.6644
 104.0000 16.0000 3.0417
 106.0000 196.0000 1.0409
 109.0000 160.0000 1.3444
 108.0000 219.0000 1.1265
 123.0000 164.0000 1.0779
 128.0000 128.0000 1.8218
 132.0000 97.0000 3.1078
 147.0000 69.0000 0.5217
 157.0000 126.0000 0.7411
 162.0000 44.0000 0.6595
 170.0000 107.0000 0.7881
 171.0000 127.0000 0.8426
 180.0000 159.0000 0.6308
 185.0000 147.0000 0.8805
 187.0000 95.0000 0.9962
 204.0000 27.0000 0.7110
 206.0000 161.0000 0.8374
 210.0000 105.0000 0.8506
 221.0000 202.0000 0.6703


rdzen_delta =

 21 34
 142 121

