zakonczenia =

   20.0000   63.0000    1.9891
   32.0000   31.0000    2.2628
   38.0000  195.0000    1.4554
   53.0000   82.0000    2.0443
   61.0000  154.0000    1.4759
   64.0000  225.0000    1.0771
   74.0000   71.0000    2.5588
   74.0000  153.0000    1.4098
   84.0000  184.0000    1.1486
   94.0000  222.0000    1.1795
   95.0000  211.0000    1.0808
  101.0000  226.0000    1.0121
  102.0000   48.0000    0.2394
  103.0000   60.0000    0.1538
  112.0000  221.0000    0.7881
  113.0000  109.0000    2.1466
  119.0000   69.0000    0.3741
  124.0000   69.0000    0.4010
  125.0000  106.0000    0.4821
  128.0000   70.0000    0.4111
  133.0000   60.0000    0.5828
  136.0000   94.0000    0.3188
  137.0000   30.0000    0.5888
  142.0000   99.0000    0.3796
  144.0000  113.0000    0.6405
  145.0000  172.0000    0.6364
  149.0000  103.0000    0.7123
  152.0000  189.0000    0.6890
  159.0000  178.0000    0.5126
  162.0000  135.0000    0.8733
  163.0000   86.0000    0.8154
  166.0000   91.0000    0.9964
  166.0000  222.0000    0.7421
  167.0000  182.0000    0.3967
  170.0000   76.0000    0.8813
  180.0000   89.0000    1.0805
  194.0000   36.0000    1.1232


rozwidlenia =

   25.0000  102.0000    1.7837
   32.0000  228.0000    1.1966
   49.0000  133.0000    1.6641
   52.0000   98.0000    1.7711
   82.0000   64.0000    2.6468
   90.0000  147.0000    1.4248
  106.0000  153.0000    1.0734
  110.0000  117.0000    1.7255
  115.0000   84.0000    3.1323
  130.0000  122.0000    1.2701
  137.0000  128.0000    0.8501
  146.0000   29.0000    0.7791
  151.0000  114.0000    0.9202
  153.0000  195.0000    0.6763
  162.0000  147.0000    0.6564
  187.0000  148.0000    0.8160
  192.0000   93.0000    0.9141
  195.0000   32.0000    1.0132
  203.0000  191.0000    0.6552
  213.0000  160.0000    0.9537
  223.0000  189.0000    0.5349


rdzen_delta =

   124   107

