zakonczenia =

   43.0000  217.0000    2.2950
   62.0000  181.0000    1.6442
   63.0000   76.0000    0.3227
   73.0000  176.0000    1.5427
   76.0000   28.0000    0.4723
  102.0000   42.0000    0.6221
  103.0000   65.0000    0.7832
  136.0000  200.0000    1.3412
  142.0000  140.0000    1.2010
  142.0000  218.0000    0.9338
  159.0000  195.0000    1.3290


rozwidlenia =

   15.0000  179.0000    2.0429
   19.0000  137.0000    2.5702
   19.0000  209.0000    1.8085
   30.0000  197.0000    2.0968
   33.0000  214.0000    2.4343
   37.0000  184.0000    2.1422
   43.0000   29.0000    3.1107
   47.0000  186.0000    1.7605
   58.0000  185.0000    1.6493
   68.0000  197.0000    1.6827
   71.0000  155.0000    1.1746
   76.0000  171.0000    1.4958
   95.0000  176.0000    1.4801
  100.0000  235.0000    1.7217
  105.0000   92.0000    0.8813
  104.0000  103.0000    0.9156
  119.0000  193.0000    1.4701
  120.0000   80.0000    0.9610
  143.0000  225.0000    3.0020
  144.0000   94.0000    0.9936
  145.0000  232.0000    0.9362
  150.0000  224.0000    0.7508
  155.0000  234.0000    1.2267
  170.0000  123.0000    1.0874


rdzen_delta =

    38   173
   142   226

