zakonczenia =

 23.0000 55.0000 2.7411
 28.0000 202.0000 2.1238
 67.0000 227.0000 2.3608
 70.0000 216.0000 2.6682
 73.0000 213.0000 1.3243
 79.0000 208.0000 1.2784
 96.0000 227.0000 1.7354
 114.0000 222.0000 1.6286
 115.0000 218.0000 1.5852
 116.0000 208.0000 1.6159
 117.0000 118.0000 0.5434
 119.0000 38.0000 0.0919
 139.0000 70.0000 0.6536
 153.0000 58.0000 0.9680
 153.0000 146.0000 1.0748
 159.0000 111.0000 0.9563
 164.0000 88.0000 0.8288
 178.0000 127.0000 1.1382
 183.0000 68.0000 0.8078
 189.0000 192.0000 1.2051
 194.0000 150.0000 1.1253
 209.0000 55.0000 1.0716


rozwidlenia =

 17.0000 185.0000 2.1647
 35.0000 126.0000 2.4880
 48.0000 217.0000 2.0800
 59.0000 240.0000 2.1365
 61.0000 175.0000 2.6435
 68.0000 18.0000 2.7157
 79.0000 231.0000 1.8733
 85.0000 42.0000 3.0981
 91.0000 234.0000 1.7780
 105.0000 65.0000 0.1265
 109.0000 204.0000 1.3657
 131.0000 226.0000 1.5662
 140.0000 212.0000 1.4341
 141.0000 222.0000 1.3466
 157.0000 140.0000 1.0676
 222.0000 71.0000 1.0497


rdzen_delta =

 72 214

