zakonczenia =

 36.0000 34.0000 2.7088
 50.0000 178.0000 2.2535
 63.0000 159.0000 2.2384
 67.0000 232.0000 2.0539
 121.0000 200.0000 1.6655
 136.0000 93.0000 0.4844
 140.0000 26.0000 0.5181
 156.0000 45.0000 0.6753
 164.0000 30.0000 0.7819
 176.0000 82.0000 0.8821
 179.0000 61.0000 0.7230
 194.0000 223.0000 1.3290
 197.0000 98.0000 1.0272
 208.0000 159.0000 1.1820
 211.0000 118.0000 0.9881


rozwidlenia =

 16.0000 89.0000 2.6109
 25.0000 203.0000 1.8331
 38.0000 160.0000 2.0606
 56.0000 102.0000 2.5479
 62.0000 168.0000 2.1579
 65.0000 241.0000 2.1946
 72.0000 191.0000 2.0697
 75.0000 232.0000 2.6053
 83.0000 150.0000 2.5683
 84.0000 214.0000 2.2311
 84.0000 230.0000 2.5590
 95.0000 202.0000 2.2171
 98.0000 18.0000 3.0096
 104.0000 205.0000 1.8798
 116.0000 208.0000 1.8026
 120.0000 41.0000 0.0536
 124.0000 217.0000 1.8461
 134.0000 179.0000 1.2663
 141.0000 30.0000 0.3752
 155.0000 200.0000 1.5425
 164.0000 185.0000 1.3835
 165.0000 195.0000 1.3873
 179.0000 216.0000 1.5047
 201.0000 37.0000 0.7971
 223.0000 18.0000 1.0810


rdzen_delta =

 96 192

