zakonczenia =

   32.0000  135.0000    1.8887
   34.0000  128.0000    1.9861
   40.0000   44.0000    2.7720
   47.0000  162.0000    1.6077
   60.0000  227.0000    1.4528
   64.0000  145.0000    2.3455
   72.0000  204.0000    0.9416
   73.0000  140.0000    2.9888
   78.0000  159.0000    2.8561
   78.0000  168.0000    1.5246
   79.0000  153.0000    3.0787
   87.0000   87.0000    0.4242
   93.0000  172.0000    1.3105
  121.0000   28.0000    0.4717
  126.0000   36.0000    0.5141
  171.0000  195.0000    1.2575
  183.0000   84.0000    0.8770
  187.0000  147.0000    1.1190
  206.0000  138.0000    0.9295
  211.0000  211.0000    1.2116


rozwidlenia =

   16.0000   74.0000    2.4489
   19.0000  123.0000    1.8694
   38.0000  111.0000    2.0905
   43.0000  217.0000    1.1688
   51.0000  236.0000    1.4754
   60.0000  111.0000    2.7556
   67.0000  212.0000    0.8957
   68.0000  217.0000    1.1644
   70.0000  225.0000    2.3373
   72.0000  212.0000    2.6500
   76.0000   21.0000    3.1240
   86.0000  123.0000    0.6503
   87.0000  109.0000    0.6364
   91.0000  152.0000    1.0063
   93.0000  129.0000    0.8255
   96.0000  231.0000    2.0593
   96.0000  202.0000    1.7938
  117.0000  197.0000    1.4448
  121.0000   18.0000    0.5453
  148.0000  169.0000    1.3000
  192.0000   81.0000    0.8345


rdzen_delta =

    61   227
    71   214
    73   207
    78   160

