zakonczenia =

   22.0000   99.0000    1.9103
   23.0000  214.0000    1.2813
   25.0000  140.0000    1.8156
   39.0000   40.0000    2.8493
   39.0000  228.0000    1.1008
   43.0000  234.0000    1.0495
   46.0000  156.0000    1.5784
   50.0000  195.0000    1.2352
   57.0000  153.0000    1.8740
   58.0000  218.0000    1.0760
   61.0000  141.0000    2.3011
   70.0000  200.0000    0.9671
   73.0000  134.0000    3.0398
   76.0000  163.0000    1.5118
   83.0000  123.0000    0.6159
   85.0000  152.0000    0.8117
   87.0000   80.0000    0.3977
  123.0000   24.0000    0.4893
  128.0000   33.0000    0.4920
  167.0000  188.0000    1.1943
  180.0000   79.0000    0.8233
  182.0000  114.0000    1.2558
  199.0000   60.0000    0.9028
  205.0000   68.0000    0.9725
  207.0000  206.0000    1.3089


rozwidlenia =

   15.0000   70.0000    2.5508
   21.0000  116.0000    1.9571
   22.0000   37.0000    2.9419
   31.0000  116.0000    1.9720
   36.0000  106.0000    2.0205
   40.0000  209.0000    1.2109
   44.0000  184.0000    1.4568
   49.0000  232.0000    1.4698
   57.0000  241.0000    2.0846
   60.0000  106.0000    2.7674
   62.0000  150.0000    2.1590
   64.0000  207.0000    0.9101
   65.0000  212.0000    1.1686
   69.0000  208.0000    2.6443
   69.0000  221.0000    2.3807
   73.0000  155.0000    2.2156
   76.0000   18.0000    0.0850
   82.0000  144.0000    0.6710
   86.0000  104.0000    0.6727
   89.0000  147.0000    0.9732
   91.0000  122.0000    0.7238
   93.0000  196.0000    1.7868
   97.0000  223.0000    2.0705
  113.0000  184.0000    1.4424
  145.0000  164.0000    1.3145
  181.0000  105.0000    1.1226
  182.0000  206.0000    1.4566
  188.0000  198.0000    1.3706
  195.0000   81.0000    0.8341
  201.0000  119.0000    1.1062


rdzen_delta =

    69   206

