zakonczenia =

   25.0000  171.0000    2.3738
   26.0000   59.0000    0.0739
   32.0000  231.0000    0.9894
   37.0000  164.0000    3.0514
   37.0000  180.0000    2.6206
   40.0000  194.0000    1.5531
   44.0000  151.0000    0.3364
   49.0000  130.0000    0.3554
   49.0000  182.0000    0.7187
   52.0000  115.0000    0.4006
   54.0000  187.0000    1.0016
   80.0000  216.0000    1.5154
   86.0000   58.0000    0.4888
   92.0000   67.0000    0.4878
  146.0000  147.0000    1.2175
  156.0000   33.0000    0.8241
  166.0000  162.0000    1.1571
  168.0000  170.0000    1.1724
  169.0000  103.0000    0.9367
  187.0000   89.0000    0.9012
  194.0000   99.0000    1.0093
  197.0000  140.0000    0.9361
  198.0000  120.0000    0.8752
  202.0000  145.0000    0.9034
  202.0000  192.0000    1.0359
  210.0000  138.0000    1.0123


rozwidlenia =

   17.0000  188.0000    1.7202
   25.0000  138.0000    2.8601
   26.0000  181.0000    2.2201
   29.0000   62.0000    3.1401
   37.0000  187.0000    2.1511
   39.0000   51.0000    0.0916
   46.0000  174.0000    0.4775
   53.0000   38.0000    0.0741
   53.0000  177.0000    0.9228
   55.0000  153.0000    0.6984
   57.0000  227.0000    1.9158
   59.0000  189.0000    1.2828
  110.0000  197.0000    1.3743
  125.0000  221.0000    1.4131
  143.0000  115.0000    0.8553
  148.0000  142.0000    1.1378
  149.0000  235.0000    1.4558
  152.0000  174.0000    1.1879
  155.0000   37.0000    0.8485
  159.0000  115.0000    0.8810
  161.0000   87.0000    0.8907
  167.0000  156.0000    1.0468
  179.0000  231.0000    1.1727
  194.0000  235.0000    1.0884
  198.0000  240.0000    1.0139
  202.0000  186.0000    0.9034
  208.0000  235.0000    1.0345


rdzen_delta =

    32   232
    40   187

