zakonczenia =

 24.0000 211.0000 0.7090
 26.0000 155.0000 1.7886
 28.0000 180.0000 1.3048
 28.0000 208.0000 2.3325
 32.0000 106.0000 2.4659
 32.0000 190.0000 1.0486
 33.0000 63.0000 2.7151
 36.0000 104.0000 2.5137
 53.0000 146.0000 1.9322
 57.0000 136.0000 3.1372
 64.0000 92.0000 3.0722
 71.0000 113.0000 0.2433
 72.0000 126.0000 0.7060
 73.0000 186.0000 2.0318
 77.0000 102.0000 0.2748
 77.0000 116.0000 0.4185
 94.0000 70.0000 0.4876
 96.0000 99.0000 0.9367
 96.0000 122.0000 1.2469
 100.0000 74.0000 0.5800
 101.0000 88.0000 0.7654
 104.0000 39.0000 0.4572
 105.0000 92.0000 0.8195
 105.0000 115.0000 1.2874
 128.0000 159.0000 1.5965
 140.0000 140.0000 1.4960
 178.0000 102.0000 1.1092
 183.0000 164.0000 1.3801
 213.0000 145.0000 1.2884
 214.0000 201.0000 1.4479


rozwidlenia =

 17.0000 234.0000 2.6030
 20.0000 183.0000 1.1949
 21.0000 221.0000 2.8191
 32.0000 200.0000 1.6630
 40.0000 193.0000 1.8171
 46.0000 188.0000 2.3052
 48.0000 240.0000 2.4705
 84.0000 154.0000 1.5916
 84.0000 197.0000 1.9575
 89.0000 100.0000 0.7959
 100.0000 34.0000 0.4010
 110.0000 206.0000 1.8814
 118.0000 84.0000 0.9374
 126.0000 37.0000 0.7929
 126.0000 190.0000 1.5870
 129.0000 52.0000 0.8896
 170.0000 181.0000 1.5390
 207.0000 36.0000 0.9476


rdzen_delta =

 21 221
 25 215
 29 203
 26 212
 38 194
 45 177
 44 182
 55 143

