zakonczenia =

 25.0000 174.0000 1.5604
 27.0000 183.0000 1.4805
 31.0000 131.0000 2.1971
 35.0000 105.0000 2.1089
 39.0000 99.0000 2.1822
 39.0000 120.0000 2.1893
 39.0000 157.0000 1.6394
 42.0000 143.0000 1.8476
 48.0000 109.0000 2.3236
 52.0000 163.0000 1.5498
 52.0000 224.0000 0.9170
 68.0000 152.0000 1.7711
 68.0000 208.0000 0.6259
 72.0000 174.0000 1.3434
 72.0000 203.0000 2.7916
 73.0000 59.0000 2.7068
 75.0000 187.0000 1.0911
 84.0000 172.0000 1.4629
 92.0000 62.0000 2.9163
 96.0000 142.0000 1.8606
 101.0000 134.0000 0.3552
 107.0000 88.0000 3.1139
 110.0000 109.0000 0.1351
 114.0000 122.0000 0.6601
 118.0000 180.0000 1.9502
 119.0000 99.0000 0.2818
 120.0000 112.0000 0.4433
 124.0000 149.0000 1.5630
 137.0000 96.0000 0.8810
 137.0000 115.0000 1.0967
 141.0000 35.0000 0.4806
 147.0000 112.0000 1.2624
 172.0000 156.0000 1.5652
 218.0000 97.0000 1.1627


rozwidlenia =

 31.0000 99.0000 2.0212
 34.0000 187.0000 1.4002
 36.0000 136.0000 2.0307
 47.0000 217.0000 0.8522
 60.0000 229.0000 2.5156
 63.0000 180.0000 1.1813
 64.0000 217.0000 0.8678
 74.0000 198.0000 1.2355
 84.0000 192.0000 2.2605
 86.0000 61.0000 2.9129
 89.0000 177.0000 2.0360
 92.0000 174.0000 2.5598
 91.0000 185.0000 2.2744
 93.0000 238.0000 2.4681
 129.0000 96.0000 0.6866
 129.0000 194.0000 1.9333
 136.0000 30.0000 0.4073
 156.0000 202.0000 1.8430
 158.0000 80.0000 0.9031
 163.0000 33.0000 0.7503
 166.0000 48.0000 0.8640
 171.0000 187.0000 1.5842
 186.0000 132.0000 1.4278
 214.0000 178.0000 1.4761


rdzen_delta =

 55 227
 65 217
 71 208
 72 203
 77 195
 98 139

