zakonczenia =

   25.0000  192.0000    1.5246
   36.0000   89.0000    2.2830
   46.0000  172.0000    1.5685
   46.0000  177.0000    1.4988
   52.0000  127.0000    2.1956
   55.0000  104.0000    2.0988
   60.0000  116.0000    2.1996
   60.0000  150.0000    1.7853
   60.0000  155.0000    1.6842
   62.0000  138.0000    1.8581
   65.0000   58.0000    2.7711
   68.0000  106.0000    2.3317
   72.0000  159.0000    1.5881
   72.0000  222.0000    0.7185
   76.0000   52.0000    2.8580
   80.0000   51.0000    2.8664
   87.0000  204.0000    0.6848
   88.0000  148.0000    1.7831
   91.0000  200.0000    2.3566
   92.0000  170.0000    1.3981
   93.0000   57.0000    2.7252
   96.0000  183.0000    1.0962
  106.0000  233.0000    2.7449
  112.0000   60.0000    2.9308
  116.0000  140.0000    1.8645
  119.0000  176.0000    2.2238
  120.0000   88.0000    3.0030
  122.0000  131.0000    0.3829
  132.0000  107.0000    0.2022
  135.0000  121.0000    0.6818
  138.0000  178.0000    2.0156
  140.0000  111.0000    0.4258
  141.0000   98.0000    0.3422
  145.0000  147.0000    1.5844
  154.0000   66.0000    0.5058
  156.0000  152.0000    1.6489
  158.0000   69.0000    0.5528
  158.0000   95.0000    0.8926
  160.0000   34.0000    0.4739
  160.0000  119.0000    1.2428
  167.0000  109.0000    1.1898
  179.0000   87.0000    1.0325
  193.0000  156.0000    1.5707
  204.0000  135.0000    1.4685


rozwidlenia =

   20.0000  127.0000    1.9704
   24.0000  149.0000    1.8099
   50.0000   86.0000    2.3069
   51.0000   95.0000    2.0238
   53.0000  183.0000    1.4232
   57.0000  132.0000    2.0444
   59.0000   91.0000    2.2943
   64.0000  211.0000    0.9120
   65.0000  157.0000    1.5886
   80.0000  224.0000    2.4381
   83.0000  213.0000    1.2913
   83.0000  177.0000    1.2312
   95.0000  194.0000    2.1737
  103.0000  189.0000    2.3850
  106.0000   59.0000    2.8910
  109.0000  183.0000    2.3614
  123.0000  184.0000    2.1862
  150.0000   95.0000    0.7492
  149.0000  192.0000    1.9252
  156.0000   29.0000    0.4486
  160.0000  146.0000    1.6380
  176.0000  202.0000    1.9063
  183.0000   33.0000    0.7727
  187.0000   47.0000    0.8547
  191.0000  187.0000    1.5946


rdzen_delta =

    73   223
    85   212
    90   203
    92   196
   101   189
   108   177
   110   170
   118   138

